  -3.9113005e-02   1.3606568e+01  -2.2760558e+00  -9.7593009e+00   0.0000000e+00
  -2.3555368e-02  -2.1609853e+00   1.0000000e+00  -3.5837386e-02   0.0000000e+00
   4.7829800e-02  -1.3025088e+01  -4.7267294e-01   0.0000000e+00   0.0000000e+00
   0.0000000e+00   0.0000000e+00   1.0000000e+00   0.0000000e+00   0.0000000e+00
   9.1042231e-02  -2.4792783e+01   0.0000000e+00   2.5000000e+01   0.0000000e+00
  -4.1074338e-01   1.2628736e+01
   2.2063575e-01   0.0000000e+00
  -1.7281515e+01   0.0000000e+00
   0.0000000e+00   0.0000000e+00
   0.0000000e+00   0.0000000e+00
  -5.9971310e-01   9.1042231e-02  -9.9584703e-01   3.9037204e-01   0.0000000e+00
  -7.5391060e+01  -1.0969185e+01   4.9242874e+00   0.0000000e+00   0.0000000e+00
   7.9836708e+01  -3.1765176e-01  -6.5542332e+00   0.0000000e+00   0.0000000e+00
   0.0000000e+00   1.0000000e+00   9.1421903e-02   0.0000000e+00   0.0000000e+00
   0.0000000e+00   0.0000000e+00   1.0041703e+00   0.0000000e+00   0.0000000e+00
   0.0000000e+00  -1.0403186e-01
   6.1629213e+01   7.5333657e+01
   2.4617693e+01  -5.7231887e+00
   0.0000000e+00   0.0000000e+00
   0.0000000e+00   0.0000000e+00
   0.0000000e+00
   0.0000000e+00
  -2.0000000e+02
   0.0000000e+00
   9.1168472e-02
   0.0000000e+00
   2.4896176e+01
   0.0000000e+00
   2.2760558e+00
   0.0000000e+00
   0.0000000e+00
   0.0000000e+00
  -1.1604806e-01
   0.0000000e+00
   0.0000000e+00
   5.9952717e-02
